camera_matrix:
  rows: 3
  cols: 3
  data:
  - 589.6079022397957
  - 0.0
  - 366.4966179976604
  - 0.0
  - 590.179073412096
  - 297.9873639512045
  - 0.0
  - 0.0
  - 1.0
distortion_coefficients:
  rows: 1
  cols: 5
  data:
  - -0.24896938465800103
  - 0.1343538476339651
  - 0.00032043791813315855
  - -0.0003614084621200428
  - -0.06579839078949333
projection_matrix:
  rows: 4
  cols: 4
  data:
  - -0.7062008262166509
  - -0.7078223358487209
  - 0.016368687320006126
  - -0.0030656937101139854
  - -0.5545256785582727
  - 0.5385852412318701
  - -0.6343715076725119
  - -0.022204248661934205
  - 0.4402063889477376
  - -0.45707054028986505
  - -0.7728550034312542
  - 0.5282896793079157
  - 0.0
  - 0.0
  - 0.0
  - 1.0
