camera_matrix:
  rows: 3
  cols: 3
  data:
  - 589.6079022397957
  - 0.0
  - 366.4966179976604
  - 0.0
  - 590.179073412096
  - 297.9873639512045
  - 0.0
  - 0.0
  - 1.0
distortion_coefficients:
  rows: 1
  cols: 5
  data:
  - -0.24896938465800103
  - 0.1343538476339651
  - 0.00032043791813315855
  - -0.0003614084621200428
  - -0.06579839078949333
projection_matrix:
  rows: 4
  cols: 4
  data:
  - 0.9997207339272871
  - -0.01561395547877286
  - -0.01773861748257816
  - -0.001077263937284312
  - -0.022413973343201082
  - -0.8643452941299121
  - -0.5023990707738679
  - -0.015886005467183863
  - -0.007487853821796992
  - 0.502656360657838
  - -0.8644538825960357
  - 0.5365514015146118
  - 0.0
  - 0.0
  - 0.0
  - 1.0
