camera_matrix:
  rows: 3
  cols: 3
  data:
  - 589.6079022397957
  - 0.0
  - 366.4966179976604
  - 0.0
  - 590.179073412096
  - 297.9873639512045
  - 0.0
  - 0.0
  - 1.0
distortion_coefficients:
  rows: 1
  cols: 5
  data:
  - -0.24896938465800103
  - 0.1343538476339651
  - 0.00032043791813315855
  - -0.0003614084621200428
  - -0.06579839078949333
